Results -2085370779606771992.csv	9999	64.0	0.015384615384615385	0.03140631867210607	179.0	0.7920353982300885
Results -2085370779606771992.csv		30.0	0.03225806451612903	0.026312452822476597	41.0	0.7592592592592593

Results -2275797140008231346.csv	9999	67.0	0.014705882352941176	0.027160671296468254	187.0	0.7991452991452992
Results -2275797140008231346.csv		24.0	0.04			1.0			42.0	0.9130434782608695

Results -5149083559532719632.csv	5776	64.0	0.015384615384615385	0.013424816969749048	197.0	0.8347457627118644
Results -5149083559532719632.csv		32.0	0.030303030303030304	0.013718130714922446	34.0	0.7727272727272727

Results -5844904546823580808.csv	9999	86.0	0.011494252873563218	0.02418661480981218	187.0	0.7759336099585062
Results -5844904546823580808.csv		32.0	0.030303030303030304	0.02830205513194489	30.0	0.7692307692307693

Results -6028684994153192845.csv	9999	79.0	0.0125			0.01190187501489403	195.0	0.8024691358024691
Results -6028684994153192845.csv		36.0	0.02702702702702703	0.5280376169276174	32.0	0.8648648648648649

Results 8207960011167203897.csv		9999	74.0	0.013333333333333334	0.014146213943185191	176.0	0.7619047619047619
Results 8207960011167203897.csv			24.0	0.04			0.017314688653420448	38.0	0.7755102040816326

Results 8545626489119590456.csv		9999	67.0	0.014705882352941176	0.02935791372656236	188.0	0.8068669527896996
Results 8545626489119590456.csv			25.0	0.038461538461538464	0.5780610253575055	44.0	0.9361702127659575
