Results -5186923692700090332.csv	6201	61.0	0.016129032258064516	0.15595708682872636	199.0	0.8468085106382979
Results -5186923692700090332.csv		36.0	0.02702702702702703	0.028475175245550648	34.0	0.7555555555555555

Results -5410282695481169228.csv	9999	68.0	0.014492753623188406	0.011477682296910796	195.0	0.819327731092437
Results -5410282695481169228.csv		27.0	0.03571428571428571	0.01406012613869715	34.0	0.8095238095238095

Results -5740292583044470080.csv	1826	59.0	0.016666666666666666	0.20146679369786585	189.0	0.8362831858407079
Results -5740292583044470080.csv		26.0	0.037037037037037035	0.01031123642097539	38.0	0.7037037037037037

Results -7561929418112338104.csv	9999	66.0	0.014925373134328358	0.019113443749185794	185.0	0.7974137931034483
Results -7561929418112338104.csv		23.0	0.041666666666666664	0.018149837058741968	35.0	0.7291666666666666

Results -7769332004610406808.csv	9999	69.0	0.014285714285714285	0.011047258554690912	190.0	0.811965811965812
Results -7769332004610406808.csv		31.0	0.03125			0.04422787475172891	37.0	0.8043478260869565

Results 5265214109034342427.csv		6268	58.0	0.01694915254237288	0.042895632295250244	194.0	0.8434782608695652
Results 5265214109034342427.csv			30.0	0.03225806451612903	0.016123978455995593	39.0	0.78

Results 8659290401997556005.csv		9999	72.0	0.0136986301369863	0.03863126866861545	189.0	0.8008474576271186
Results 8659290401997556005.csv			34.0	0.02857142857142857	0.04515880744768472	35.0	0.7954545454545454
