Results 224094741550510851.csv	4100	70.0	0.014084507042253521	0.03097103437218205	200.0	0.8064516129032258
Results 224094741550510851.csv		25.0	0.038461538461538464	0.012645201786742446	23.0	0.71875

Results 5678465355892680658.csv	9999	81.0	0.012195121951219513	0.01764243250049413	172.0	0.6991869918699187
Results 5678465355892680658.csv		17.0	0.05555555555555555	0.023030877104767183	24.0	0.7058823529411765

Results 6255037435315222091.csv	9999	67.0	0.014705882352941176	0.010413521945315952	190.0	0.7983193277310925
Results 6255037435315222091.csv		23.0	0.041666666666666664	1.0			38.0	0.9047619047619048

Results 6293607968865438756.csv	9999	64.0	0.015384615384615385	0.010799176173866607	191.0	0.809322033898305
Results 6293607968865438756.csv		27.0	0.03571428571428571	0.011477365311877635	33.0	0.75

Results 7978722032165602656.csv	9999	79.0	0.0125			0.016882464377883086	173.0	0.7238493723849372
Results 7978722032165602656.csv		19.0	0.05			0.02251129098222097	32.0	0.7804878048780488
